6
-200 100 100 255 255 255
-150 -100 220 0 255 255
65 30 120 220 20 255
200 64 180 190 255 255
-100 -100  255 255 130 255
-200 -200  130 255 255 255
-300 0 255 255 255 255
300 0 255 255 255 255
0 300 255 255 255 255
0 -300 255 255 255 255
0 0 127 56 255 255
-300 100 46 255 100 255
4
-100 100 255 0.0 0.0 255
100 100 0.0 255 0.0 255
-40 0 0.0 0.0 255 255
200 40 140 100 0.0 255
150 -150 200 220 255 255
100 30 0 255 130 255
0 0 140 140 140 140
-100 0 200 200 200 200
0 -100 80 80 80 80
-200 200 200 150 80 255
-100 -10 44 220 140 140
-150 0 22 220 200 255

